12
214.0 397.0 278.0 345.0 218.0 410.0 278.0 368.0
279.0 347.0 347.0 353.0 278.0 372.0 346.0 382.0
431.0 344.0 514.0 338.0 444.0 373.0 523.0 365.0
519.0 341.0 565.0 376.0 526.0 367.0 575.0 407.0
247.0 416.0 310.0 380.0 242.0 424.0 297.0 395.0
309.0 381.0 358.0 403.0 297.0 393.0 352.0 418.0
249.0 418.0 315.0 417.0 248.0 428.0 294.0 433.0
316.0 422.0 366.0 404.0 294.0 436.0 351.0 419.0
436.0 393.0 483.0 393.0 450.0 417.0 499.0 418.0
487.0 396.0 522.0 388.0 500.0 421.0 545.0 413.0
439.0 392.0 476.0 365.0 452.0 418.0 493.0 390.0
479.0 370.0 524.0 391.0 492.0 392.0 546.0 411.0
